theta <- 
c(4.63818037629102, 3.35250688617097, 1.46336855360169)
Eta <- 
structure(c(0.177382491668795, 0.672229492703543, 0.329361618954334,
-1.11309563584285, 0.233629329737146, 0.157805055347359, -0.0247489827094217,
0.862129523665582, 0.163070013713855, 0.190634011910378, 0.0694148316456191,
-0.15724830867887, -0.336226340264294, -0.0368424276741373, -0.415911668757216,
-0.465043938060655, 0.330219063833778, 0.100796701985757, 0.664908244698948,
-0.0863784965091381, 0.356958624517067, -0.649361590833769, -0.568156498900143,
0.0157353324354725, 0.085069950809708, -0.0828523030643548, 0.214847795131113,
-0.50399319134543, 0.0315651057953415, -0.209814411725996, -0.483835968962046,
1.03160429608355, -0.177641778832221, -0.851052855767152, -0.950206816880353,
-0.189635553697141, -0.511896041839502, 0.0215678596731677, -0.16145523996821,
-1.14142119805444, 0.295208618501984, 0.0957608780213582, -0.560388280070624,
-0.571609004292908, -0.603491555737141, 0.0552248809474504, 0.540620444551399,
-0.271033121615433, -0.272365697558677, 0.373315613212025, 0.258850828986231,
-0.256402461670446, -0.331516589047466, 0.395420070919607, 0.0583478518853452,
-0.73028895230148, 0.868644365361506, 0.343191706409138, -0.142702092851585,
0.333295045112833, 0.419640806795803, -0.335596251981827, -0.633028849291653,
-0.0908409731521505, 0.725028710072814, -0.907212220339032, 0.0586533536350655,
0.134674097978532, -0.223523433913171, -0.49975648426929, -0.0894962511919845,
0.278178618361387, 0.35395811487256, 0.132352422917071, -0.136351329261731,
-0.61334123675425, -0.035291780544172, 0.0423372302861744, -0.0796239916700642,
-0.0832676738084785, 0.190343111086215, 0.307045892038022, -0.263330977147238,
-0.0646480471081283, 0.750751942712484, -0.0483907238355516, 0.017882827601604,
0.282521579138707, -1.32333454807671, 0.602209552476937, -0.748957195392753,
0.284387425362967, 0.471356664900327, -0.682828943591323, -0.630893222719725,
-0.481590592954932),
.Dim = c(32, 3))
sigma_eta <- 
c(0.37046214138714, 0.0109387451181715, 0.459803696425928)
sigma_y <- 1.27320461218423
