theta <- 
c(4.40982779736482, 3.11137933149853, 2.05701188689735)
Eta <- 
structure(c(-0.704382994431762, 0.707624884797676, -0.0780679022699844,
-0.186733679258377, -0.668723671940473, -0.35831649285917, 0.431393408132651,
-0.297037397955832, -0.0722915717702484, -0.0460525612777787,
-0.774066077120916, 0.369796976115546, -0.715451223726246, -0.521006475662797,
-0.535969243547422, -0.40025476295686, 0.11603803592906, -0.266876138216739,
-0.137984043927471, -0.626602957522732, 0.590303850262468, 0.402728913053917,
0.632858632878887, 0.648061895621932, -0.64526290898999, -0.0705731510617429,
0.597165346253173, -0.303026172890875, 0.0556102071001901, 0.0132076719792223,
0.181371917280181, -0.167819453469772, -0.0316806854449374, 0.327606547960743,
0.624802860739466, 0.244813003832296, 0.75953488488209, 0.189334687304538,
0.103909399201132, 0.0259155035888437, -0.671062568404094, 0.314073043884338,
-0.1986675036032, -0.0599353022298104, 0.691080174679315, 0.712963915383442,
0.776961635340622, 0.0490016875418404, -0.512499114752124, 0.599145168777642,
-0.760796332976909, 0.409577801698695, -0.230080364032239, -0.263785248683221,
-0.0079373207132482, 0.148364637106458, 0.224425527182748, 0.373076287080872,
0.105040752840781, -1.21547785740469, -0.148091180177843, 0.215257006938185,
0.131972104475758, 1.15674288485324, -0.101557476808125, -0.434712269331379,
0.0510821687800349, 0.036007536449852, -0.728026709444207, -0.27376429656672,
0.788727152354916, -0.303867357482291, -0.695784996992258, 0.584506447486605,
-0.335657092105926, -0.0723253135676137, -0.253313807506784, -0.330887204023875,
0.0687792946419827, 0.129715484024949, -0.540271684669853, -0.42181294071555,
0.478187635408534, 0.616548794596002, -0.152166546213996, 0.130199839927417,
-0.485790923612363, -0.547450966588395, -0.212875755189757, 0.062501242871719,
-0.152612047339419, -0.483792383061722, -0.818572543727537, -0.499987329653543,
0.264333638344275, 0.204380849117104),
.Dim = c(32, 3))
sigma_eta <- 
c(0.0921470144674425, 0.0174822182485641, 0.512386080516876)
sigma_y <- 1.90874652643151
