J <- 32
dose <- 
c(100, 100, 100, 120, 60, 113, 90, 135, 75, 105, 123, 113, 113, 75, 85,
87, 117, 112, 95.5, 88.5, 93, 87, 110, 115, 112, 120, 120, 120, 153, 105, 125,
93)
id <- 
c(1, 1, 1, 1, 1, 1, 1, 2, 2, 2, 2, 2, 2, 2, 3, 3, 3, 3, 3, 3, 3, 3, 4, 4,
4, 4, 4, 4, 4, 4, 5, 5, 5, 5, 5, 5, 5, 5, 6, 6, 6, 6, 6, 6, 6, 6, 7, 7, 7, 7, 7,
7, 7, 8, 8, 8, 8, 8, 8, 8, 8, 9, 9, 9, 9, 9, 9, 9, 9, 10, 10, 10, 10, 10, 10,
10, 10, 11, 11, 11, 11, 11, 11, 11, 11, 12, 12, 12, 12, 13, 13, 13, 13, 13, 13,
13, 13, 14, 14, 14, 14, 14, 14, 14, 14, 15, 15, 15, 15, 15, 15, 15, 15, 16, 16,
16, 16, 16, 16, 16, 17, 17, 17, 17, 17, 17, 17, 18, 18, 18, 18, 18, 18, 18, 19,
19, 19, 19, 19, 19, 19, 20, 20, 20, 20, 20, 20, 20, 21, 21, 21, 21, 21, 21, 21,
22, 22, 22, 22, 22, 22, 22, 23, 23, 23, 23, 23, 23, 23, 24, 24, 24, 24, 24, 24,
24, 25, 25, 25, 25, 25, 25, 25, 26, 26, 26, 26, 26, 26, 26, 27, 27, 27, 27, 27,
27, 27, 28, 28, 28, 28, 28, 28, 28, 29, 29, 29, 29, 29, 29, 29, 30, 30, 30, 30,
30, 30, 30, 31, 31, 31, 31, 31, 31, 31, 32, 32, 32, 32, 32, 32, 32)
N <- 
c(7, 7, 8, 8, 8, 8, 7, 8, 8, 8, 8, 4, 8, 8, 8, 7, 7, 7, 7, 7, 7, 7, 7, 7,
7, 7, 7, 7, 7, 7, 7, 7)
dv <- 
c(44, 27, 28, 31, 60, 65, 71, 100, 49, 32, 26, 22, 28, 33, 100, 46, 22,
19, 20, 42, 49, 54, 100, 30, 24, 13, 9, 9, 11, 12, 82, 43, 25, 18, 17, 23, 29,
41, 100, 34, 23, 20, 16, 17, 18, 25, 36, 33, 28, 52, 80, 90, 100, 88, 35, 20,
12, 16, 23, 36, 48, 92, 33, 22, 16, 18, 32, 30, 45, 90, 39, 22, 17, 17, 22, 25,
33, 100, 37, 24, 14, 11, 14, 23, 33, 85, 25, 15, 11, 88, 41, 23, 16, 14, 18, 22,
35, 85, 32, 22, 21, 28, 38, 46, 65, 100, 43, 26, 15, 13, 21, 28, 39, 100, 42,
32, 26, 31, 33, 54, 100, 35, 23, 17, 18, 18, 21, 100, 32, 20, 18, 18, 19, 29,
100, 33, 28, 18, 18, 17, 26, 100, 41, 30, 22, 23, 23, 35, 100, 46, 27, 22, 36,
40, 44, 100, 35, 27, 23, 27, 43, 43, 100, 34, 24, 15, 15, 19, 19, 88, 37, 20,
20, 26, 28, 50, 100, 32, 20, 17, 19, 21, 30, 100, 41, 28, 19, 17, 17, 24, 100,
32, 21, 19, 22, 33, 46, 100, 39, 25, 16, 14, 15, 20, 86, 35, 21, 18, 20, 29, 41,
100, 45, 24, 23, 26, 28, 39, 100, 45, 30, 24, 22, 28, 42, 100, 36, 27, 24, 23,
20, 22)
time <- 
c(24, 36, 48, 72, 96, 120, 144, 0, 24, 36, 48, 72, 96, 120, 0, 24, 36,
48, 72, 96, 120, 144, 0, 24, 36, 48, 72, 96, 120, 144, 0, 24, 36, 48, 72, 96,
120, 144, 0, 24, 36, 48, 72, 96, 120, 144, 24, 36, 48, 72, 96, 120, 144, 0, 24,
36, 48, 72, 96, 120, 144, 0, 24, 36, 48, 72, 96, 120, 144, 0, 24, 36, 48, 72,
96, 120, 144, 0, 24, 36, 48, 72, 96, 120, 144, 0, 24, 36, 48, 0, 24, 36, 48, 72,
96, 120, 144, 0, 24, 36, 48, 72, 96, 120, 144, 0, 24, 36, 48, 72, 96, 120, 144,
0, 24, 36, 48, 72, 96, 120, 0, 24, 36, 48, 72, 96, 120, 0, 24, 36, 48, 72, 96,
120, 0, 24, 36, 48, 72, 96, 120, 0, 24, 36, 48, 72, 96, 120, 0, 24, 36, 48, 72,
96, 120, 0, 24, 36, 48, 72, 96, 120, 0, 24, 36, 48, 72, 96, 120, 0, 24, 36, 48,
72, 96, 120, 0, 24, 36, 48, 72, 96, 120, 0, 24, 36, 48, 72, 96, 120, 0, 24, 36,
48, 72, 96, 120, 0, 24, 36, 48, 72, 96, 120, 0, 24, 36, 48, 72, 96, 120, 0, 24,
36, 48, 72, 96, 120, 0, 24, 36, 48, 72, 96, 120, 0, 24, 36, 48, 72, 96, 120)
